=== GPTQ Experiments - opt-6.7b ===

=== FP16 Baseline ===
wikitext2 : 10.860152244567871
ptb : 13.72690200805664
c4 : 11.742837905883789
