=== GPTQ Experiments - opt-2.7b ===

=== FP16 Baseline ===
wikitext2 : 12.47087287902832
ptb : 15.758480072021484
c4 : 13.165057182312012
