=== GPTQ Experiments - opt-1.3b ===

=== FP16 Baseline ===
wikitext2 : 14.62474536895752
ptb : 17.796342849731445
c4 : 14.720786094665527
