=== GPTQ Experiments - opt-125m ===

=== FP16 Baseline ===
wikitext2 : 27.653562545776367
ptb : 36.310279846191406
c4 : 24.606124877929688
