=== GPTQ Experiments - bloom-3b ===

=== FP16 Baseline ===
wikitext2 : 13.48100471496582
ptb : 23.113901138305664
c4 : 16.135574340820312

=== RTN 4-bit ===
wikitext2 : 14.754481315612793
ptb : 25.388076782226562
c4 : 17.324527740478516

=== GPTQ 4-bit ===
wikitext2 : 13.926929473876953
ptb : 23.860116958618164
c4 : 16.675006866455078

